0.000000    0.000000
0.010000    0.000000
0.020000    0.000200
0.030000    0.000600
0.040000    0.001200
0.050000    0.002000
0.060000    0.003000
0.070000    0.004200
0.080000    0.005600
0.090000    0.007200
0.100000    0.009000
0.110000    0.011000
0.120000    0.013200
0.130000    0.015600
0.140000    0.018200
0.150000    0.021000
0.160000    0.024000
0.170000    0.027200
0.180000    0.030600
0.190000    0.034200
0.200000    0.038000
0.210000    0.042000
0.220000    0.046200
0.230000    0.050600
0.240000    0.055200
0.250000    0.060000
0.260000    0.065000
0.270000    0.070200
0.280000    0.075600
0.290000    0.081200
0.300000    0.087000
0.310000    0.093000
0.320000    0.099200
0.330000    0.105600
0.340000    0.112200
0.350000    0.119000
0.360000    0.126000
0.370000    0.133200
0.380000    0.140600
0.390000    0.148200
0.400000    0.156000
0.410000    0.164000
0.420000    0.172200
0.430000    0.180600
0.440000    0.189200
0.450000    0.198000
0.460000    0.207000
0.470000    0.216200
0.480000    0.225600
0.490000    0.235200
0.500000    0.245000
0.510000    0.255000
0.520000    0.265200
0.530000    0.275600
0.540000    0.286200
0.550000    0.297000
0.560000    0.308000
0.570000    0.319200
0.580000    0.330600
0.590000    0.342200
0.600000    0.354000
0.610000    0.366000
0.620000    0.378200
0.630000    0.390600
0.640000    0.403200
0.650000    0.416000
0.660000    0.429000
0.670000    0.442200
0.680000    0.455600
0.690000    0.469200
0.700000    0.483000
0.710000    0.497000
0.720000    0.511200
0.730000    0.525600
0.740000    0.540200
0.750000    0.555000
0.760000    0.570000
0.770000    0.585200
0.780000    0.600600
0.790000    0.616200
0.800000    0.632000
0.810000    0.648000
0.820000    0.664200
0.830000    0.680600
0.840000    0.697200
0.850000    0.714000
0.860000    0.731000
0.870000    0.748200
0.880000    0.765600
0.890000    0.783200
0.900000    0.801000
0.910000    0.819000
0.920000    0.837200
0.930000    0.855600
0.940000    0.874200
0.950000    0.893000
0.960000    0.912000
0.970000    0.931200
0.980000    0.950600
0.990000    0.970200
1.000000    0.990000
1.010000    1.010000
1.020000    1.030200
1.030000    1.050600
1.040000    1.071200
1.050000    1.092000
1.060000    1.113000
1.070000    1.134200
1.080000    1.155600
1.090000    1.177200
1.100000    1.199000
1.110000    1.221000
1.120000    1.243200
1.130000    1.265600
1.140000    1.288200
1.150000    1.311000
1.160000    1.334000
1.170000    1.357200
1.180000    1.380600
1.190000    1.404200
1.200000    1.428000
1.210000    1.452000
1.220000    1.476200
1.230000    1.500600
1.240000    1.525200
1.250000    1.550000
1.260000    1.575000
1.270000    1.600200
1.280000    1.625600
1.290000    1.651200
1.300000    1.677000
1.310000    1.703000
1.320000    1.729200
1.330000    1.755600
1.340000    1.782200
1.350000    1.809000
1.360000    1.836000
1.370000    1.863200
1.380000    1.890600
1.390000    1.918200
1.400000    1.946000
1.410000    1.974000
1.420000    2.002200
1.430000    2.030600
1.440000    2.059200
1.450000    2.088000
1.460000    2.117000
1.470000    2.146200
1.480000    2.175600
1.490000    2.205200
1.500000    2.235000
1.510000    2.265000
1.520000    2.295200
1.530000    2.325600
1.540000    2.356200
1.550000    2.387000
1.560000    2.418000
1.570000    2.449200
1.580000    2.480600
1.590000    2.512200
1.600000    2.544000
1.610000    2.576000
1.620000    2.608200
1.630000    2.640600
1.640000    2.673200
1.650000    2.706000
1.660000    2.739000
1.670000    2.772200
1.680000    2.805600
1.690000    2.839200
1.700000    2.873000
1.710000    2.907000
1.720000    2.941200
1.730000    2.975600
1.740000    3.010200
1.750000    3.045000
1.760000    3.080000
1.770000    3.115200
1.780000    3.150600
1.790000    3.186200
1.800000    3.222000
1.810000    3.258000
1.820000    3.294200
1.830000    3.330600
1.840000    3.367200
1.850000    3.404000
1.860000    3.441000
1.870000    3.478200
1.880000    3.515600
1.890000    3.553200
1.900000    3.591000
1.910000    3.629000
1.920000    3.667200
1.930000    3.705600
1.940000    3.744200
1.950000    3.783000
1.960000    3.822000
1.970000    3.861200
1.980000    3.900600
1.990000    3.940200
2.000000    3.980000
